g
Hombre
0
0
0
0
32
0
64
0
96
0
128
0
160
0
192
0
224
0
256
0
288
0
320
0
352
0
384
0
416
0
448
0
480
0
512
0
544
0
576
0
608
0
640
0
672
0
704
0
736
0
768
0
800
0
832
0
864
0
896
0
928
0
960
0
992
0
1024
0
1056
0
1088
0
1120
0
1152
0
1184
0
1216
0
1248
0
0
32
32
32
64
32
96
32
128
32
160
32
192
32
224
32
256
32
288
32
320
32
352
32
384
32
416
32
448
32
480
32
512
32
544
32
576
32
608
32
640
32
672
32
704
32
736
32
768
32
800
32
832
32
864
32
896
32
928
32
960
32
992
32
1024
32
1056
32
1088
32
1120
32
1152
32
1184
32
1216
32
1248
32
0
64
32
64
64
64
96
64
128
64
160
64
192
64
224
64
256
64
288
64
320
64
352
64
384
64
416
64
448
64
480
64
512
64
544
64
576
64
608
64
640
64
672
64
704
64
736
64
768
64
800
64
832
64
864
64
896
64
928
64
960
64
992
64
1024
64
1056
64
1088
64
1120
64
1152
64
1184
64
1216
64
1248
64
0
96
32
96
64
96
96
96
128
96
1120
96
1152
96
1184
96
1216
96
1248
96
0
128
32
128
64
128
96
128
128
128
1120
128
1152
128
1184
128
1216
128
1248
128
0
160
32
160
64
160
96
160
128
160
1120
160
1152
160
1184
160
1216
160
1248
160
0
192
32
192
64
192
96
192
128
192
1120
192
1152
192
1184
192
1216
192
1248
192
0
224
32
224
64
224
96
224
128
224
1120
224
1152
224
1184
224
1216
224
1248
224
0
256
32
256
64
256
96
256
128
256
1120
256
1152
256
1184
256
1216
256
1248
256
0
288
32
288
64
288
96
288
128
288
1120
288
1152
288
1184
288
1216
288
1248
288
0
320
32
320
64
320
96
320
128
320
1120
320
1152
320
1184
320
1216
320
1248
320
0
352
32
352
64
352
96
352
128
352
1120
352
1152
352
1184
352
1216
352
1248
352
0
384
32
384
64
384
96
384
128
384
1120
384
1152
384
1184
384
1216
384
1248
384
0
416
32
416
64
416
96
416
128
416
1120
416
1152
416
1184
416
1216
416
1248
416
0
448
32
448
64
448
96
448
128
448
1120
448
1152
448
1184
448
1216
448
1248
448
0
480
32
480
64
480
96
480
128
480
1120
480
1152
480
1184
480
1216
480
1248
480
0
512
32
512
64
512
96
512
128
512
1120
512
1152
512
1184
512
1216
512
1248
512
0
544
32
544
64
544
96
544
128
544
1120
544
1152
544
1184
544
1216
544
1248
544
0
576
32
576
64
576
96
576
128
576
1120
576
1152
576
1184
576
1216
576
1248
576
0
608
32
608
64
608
96
608
128
608
1120
608
1152
608
1184
608
1216
608
1248
608
0
640
32
640
64
640
96
640
128
640
1120
640
1152
640
1184
640
1216
640
1248
640
0
672
32
672
64
672
96
672
128
672
1120
672
1152
672
1184
672
1216
672
1248
672
0
704
32
704
64
704
96
704
128
704
1120
704
1152
704
1184
704
1216
704
1248
704
0
736
32
736
64
736
96
736
128
736
1120
736
1152
736
1184
736
1216
736
1248
736
0
768
32
768
64
768
96
768
128
768
160
768
192
768
224
768
256
768
288
768
320
768
352
768
384
768
416
768
448
768
480
768
704
768
736
768
768
768
800
768
832
768
864
768
896
768
928
768
960
768
992
768
1024
768
1056
768
1088
768
1120
768
1152
768
1184
768
1216
768
1248
768
0
800
32
800
64
800
96
800
128
800
160
800
192
800
224
800
256
800
288
800
320
800
352
800
384
800
416
800
448
800
480
800
704
800
736
800
768
800
800
800
832
800
864
800
896
800
928
800
960
800
992
800
1024
800
1056
800
1088
800
1120
800
1152
800
1184
800
1216
800
1248
800
0
832
32
832
64
832
96
832
128
832
160
832
192
832
224
832
256
832
288
832
320
832
352
832
384
832
416
832
448
832
480
832
704
832
736
832
768
832
800
832
832
832
864
832
896
832
928
832
960
832
992
832
1024
832
1056
832
1088
832
1120
832
1152
832
1184
832
1216
832
1248
832
320
864
352
864
384
864
416
864
448
864
480
864
704
864
736
864
768
864
800
864
832
864
864
864
320
896
352
896
384
896
416
896
448
896
480
896
704
896
736
896
768
896
800
896
832
896
864
896
320
928
352
928
384
928
416
928
448
928
480
928
704
928
736
928
768
928
800
928
832
928
864
928
320
960
352
960
384
960
416
960
448
960
480
960
704
960
736
960
768
960
800
960
832
960
864
960
320
992
352
992
384
992
416
992
448
992
480
992
704
992
736
992
768
992
800
992
832
992
864
992
320
1024
352
1024
384
1024
416
1024
448
1024
480
1024
512
1024
544
1024
576
1024
608
1024
640
1024
672
1024
704
1024
736
1024
768
1024
800
1024
832
1024
864
1024
320
128
704
128
512
896
544
896
576
896
608
896
640
896
672
896
512
928
544
928
576
928
608
928
640
928
672
928
512
960
544
960
576
960
608
960
640
960
672
960
512
992
544
992
576
992
608
992
640
992
672
992
data/pokemons/squirtle.png;squirtle;95;190;Salpicadura:Agua:0_Lanzallamas:Fuego:100_Pistola Agua:Agua:50_Lanzallamas:Fuego:100
