h
Hombre
0
0
-110
-260
-78
-260
-46
-260
-14
-260
18
-260
50
-260
82
-260
114
-260
146
-260
178
-260
210
-260
242
-260
274
-260
306
-260
338
-260
370
-260
402
-260
434
-260
466
-260
498
-260
530
-260
562
-260
594
-260
626
-260
658
-260
690
-260
722
-260
754
-260
786
-260
818
-260
850
-260
882
-260
914
-260
946
-260
978
-260
1010
-260
1042
-260
1074
-260
1106
-260
1138
-260
-110
-228
-78
-228
-46
-228
-14
-228
18
-228
50
-228
82
-228
114
-228
146
-228
178
-228
210
-228
242
-228
274
-228
306
-228
338
-228
370
-228
402
-228
434
-228
466
-228
498
-228
530
-228
562
-228
594
-228
626
-228
658
-228
690
-228
722
-228
754
-228
786
-228
818
-228
850
-228
882
-228
914
-228
946
-228
978
-228
1010
-228
1042
-228
1074
-228
1106
-228
1138
-228
-110
-196
-78
-196
-46
-196
-14
-196
18
-196
50
-196
82
-196
114
-196
146
-196
178
-196
210
-196
242
-196
274
-196
306
-196
338
-196
370
-196
402
-196
434
-196
466
-196
498
-196
530
-196
562
-196
594
-196
626
-196
658
-196
690
-196
722
-196
754
-196
786
-196
818
-196
850
-196
882
-196
914
-196
946
-196
978
-196
1010
-196
1042
-196
1074
-196
1106
-196
1138
-196
-110
-164
-78
-164
-46
-164
-14
-164
18
-164
1010
-164
1042
-164
1074
-164
1106
-164
1138
-164
-110
-132
-78
-132
-46
-132
-14
-132
18
-132
1010
-132
1042
-132
1074
-132
1106
-132
1138
-132
-110
-100
-78
-100
-46
-100
-14
-100
18
-100
1010
-100
1042
-100
1074
-100
1106
-100
1138
-100
-110
-68
-78
-68
-46
-68
-14
-68
18
-68
1010
-68
1042
-68
1074
-68
1106
-68
1138
-68
-110
-36
-78
-36
-46
-36
-14
-36
18
-36
1010
-36
1042
-36
1074
-36
1106
-36
1138
-36
-110
-4
-78
-4
-46
-4
-14
-4
18
-4
1010
-4
1042
-4
1074
-4
1106
-4
1138
-4
-110
28
-78
28
-46
28
-14
28
18
28
1010
28
1042
28
1074
28
1106
28
1138
28
-110
60
-78
60
-46
60
-14
60
18
60
1010
60
1042
60
1074
60
1106
60
1138
60
-110
92
-78
92
-46
92
-14
92
18
92
1010
92
1042
92
1074
92
1106
92
1138
92
-110
124
-78
124
-46
124
-14
124
18
124
1010
124
1042
124
1074
124
1106
124
1138
124
-110
156
-78
156
-46
156
-14
156
18
156
1010
156
1042
156
1074
156
1106
156
1138
156
-110
188
-78
188
-46
188
-14
188
18
188
1010
188
1042
188
1074
188
1106
188
1138
188
-110
220
-78
220
-46
220
-14
220
18
220
1010
220
1042
220
1074
220
1106
220
1138
220
-110
252
-78
252
-46
252
-14
252
18
252
1010
252
1042
252
1074
252
1106
252
1138
252
-110
284
-78
284
-46
284
-14
284
18
284
1010
284
1042
284
1074
284
1106
284
1138
284
-110
316
-78
316
-46
316
-14
316
18
316
1010
316
1042
316
1074
316
1106
316
1138
316
-110
348
-78
348
-46
348
-14
348
18
348
1010
348
1042
348
1074
348
1106
348
1138
348
-110
380
-78
380
-46
380
-14
380
18
380
1010
380
1042
380
1074
380
1106
380
1138
380
-110
412
-78
412
-46
412
-14
412
18
412
1010
412
1042
412
1074
412
1106
412
1138
412
-110
444
-78
444
-46
444
-14
444
18
444
1010
444
1042
444
1074
444
1106
444
1138
444
-110
476
-78
476
-46
476
-14
476
18
476
1010
476
1042
476
1074
476
1106
476
1138
476
-110
508
-78
508
-46
508
-14
508
18
508
50
508
82
508
114
508
146
508
178
508
210
508
242
508
274
508
306
508
338
508
370
508
594
508
626
508
658
508
690
508
722
508
754
508
786
508
818
508
850
508
882
508
914
508
946
508
978
508
1010
508
1042
508
1074
508
1106
508
1138
508
-110
540
-78
540
-46
540
-14
540
18
540
50
540
82
540
114
540
146
540
178
540
210
540
242
540
274
540
306
540
338
540
370
540
594
540
626
540
658
540
690
540
722
540
754
540
786
540
818
540
850
540
882
540
914
540
946
540
978
540
1010
540
1042
540
1074
540
1106
540
1138
540
-110
572
-78
572
-46
572
-14
572
18
572
50
572
82
572
114
572
146
572
178
572
210
572
242
572
274
572
306
572
338
572
370
572
594
572
626
572
658
572
690
572
722
572
754
572
786
572
818
572
850
572
882
572
914
572
946
572
978
572
1010
572
1042
572
1074
572
1106
572
1138
572
210
604
242
604
274
604
306
604
338
604
370
604
594
604
626
604
658
604
690
604
722
604
754
604
210
636
242
636
274
636
306
636
338
636
370
636
594
636
626
636
658
636
690
636
722
636
754
636
210
668
242
668
274
668
306
668
338
668
370
668
594
668
626
668
658
668
690
668
722
668
754
668
210
700
242
700
274
700
306
700
338
700
370
700
594
700
626
700
658
700
690
700
722
700
754
700
210
732
242
732
274
732
306
732
338
732
370
732
594
732
626
732
658
732
690
732
722
732
754
732
210
764
242
764
274
764
306
764
338
764
370
764
402
764
434
764
466
764
498
764
530
764
562
764
594
764
626
764
658
764
690
764
722
764
754
764
210
-132
594
-132
402
636
434
636
466
636
498
636
530
636
562
636
402
668
434
668
466
668
498
668
530
668
562
668
402
700
434
700
466
700
498
700
530
700
562
700
402
732
434
732
466
732
498
732
530
732
562
732
data/pokemons/charmander.png;charmander;40;80;Lanzallamas:Fuego:100_Tornado:Volador:70_Rayo:Electrico:60_Lanzallamas:Fuego:100
