hola
Hombre
0
0
-430
-240
-398
-240
-366
-240
-334
-240
-302
-240
-270
-240
-238
-240
-206
-240
-174
-240
-142
-240
-110
-240
-78
-240
-46
-240
-14
-240
18
-240
50
-240
82
-240
114
-240
146
-240
178
-240
210
-240
242
-240
274
-240
306
-240
338
-240
370
-240
402
-240
434
-240
466
-240
498
-240
530
-240
562
-240
594
-240
626
-240
658
-240
690
-240
722
-240
754
-240
786
-240
818
-240
-430
-208
-398
-208
-366
-208
-334
-208
-302
-208
-270
-208
-238
-208
-206
-208
-174
-208
-142
-208
-110
-208
-78
-208
-46
-208
-14
-208
18
-208
50
-208
82
-208
114
-208
146
-208
178
-208
210
-208
242
-208
274
-208
306
-208
338
-208
370
-208
402
-208
434
-208
466
-208
498
-208
530
-208
562
-208
594
-208
626
-208
658
-208
690
-208
722
-208
754
-208
786
-208
818
-208
-430
-176
-398
-176
-366
-176
-334
-176
-302
-176
-270
-176
-238
-176
-206
-176
-174
-176
-142
-176
-110
-176
-78
-176
-46
-176
-14
-176
18
-176
50
-176
82
-176
114
-176
146
-176
178
-176
210
-176
242
-176
274
-176
306
-176
338
-176
370
-176
402
-176
434
-176
466
-176
498
-176
530
-176
562
-176
594
-176
626
-176
658
-176
690
-176
722
-176
754
-176
786
-176
818
-176
-430
-144
-398
-144
-366
-144
-334
-144
-302
-144
690
-144
722
-144
754
-144
786
-144
818
-144
-430
-112
-398
-112
-366
-112
-334
-112
-302
-112
690
-112
722
-112
754
-112
786
-112
818
-112
-430
-80
-398
-80
-366
-80
-334
-80
-302
-80
690
-80
722
-80
754
-80
786
-80
818
-80
-430
-48
-398
-48
-366
-48
-334
-48
-302
-48
690
-48
722
-48
754
-48
786
-48
818
-48
-430
-16
-398
-16
-366
-16
-334
-16
-302
-16
690
-16
722
-16
754
-16
786
-16
818
-16
-430
16
-398
16
-366
16
-334
16
-302
16
690
16
722
16
754
16
786
16
818
16
-430
48
-398
48
-366
48
-334
48
-302
48
690
48
722
48
754
48
786
48
818
48
-430
80
-398
80
-366
80
-334
80
-302
80
690
80
722
80
754
80
786
80
818
80
-430
112
-398
112
-366
112
-334
112
-302
112
690
112
722
112
754
112
786
112
818
112
-430
144
-398
144
-366
144
-334
144
-302
144
690
144
722
144
754
144
786
144
818
144
-430
176
-398
176
-366
176
-334
176
-302
176
690
176
722
176
754
176
786
176
818
176
-430
208
-398
208
-366
208
-334
208
-302
208
690
208
722
208
754
208
786
208
818
208
-430
240
-398
240
-366
240
-334
240
-302
240
690
240
722
240
754
240
786
240
818
240
-430
272
-398
272
-366
272
-334
272
-302
272
690
272
722
272
754
272
786
272
818
272
-430
304
-398
304
-366
304
-334
304
-302
304
690
304
722
304
754
304
786
304
818
304
-430
336
-398
336
-366
336
-334
336
-302
336
690
336
722
336
754
336
786
336
818
336
-430
368
-398
368
-366
368
-334
368
-302
368
690
368
722
368
754
368
786
368
818
368
-430
400
-398
400
-366
400
-334
400
-302
400
690
400
722
400
754
400
786
400
818
400
-430
432
-398
432
-366
432
-334
432
-302
432
690
432
722
432
754
432
786
432
818
432
-430
464
-398
464
-366
464
-334
464
-302
464
690
464
722
464
754
464
786
464
818
464
-430
496
-398
496
-366
496
-334
496
-302
496
690
496
722
496
754
496
786
496
818
496
-430
528
-398
528
-366
528
-334
528
-302
528
-270
528
-238
528
-206
528
-174
528
-142
528
-110
528
-78
528
-46
528
-14
528
18
528
50
528
274
528
306
528
338
528
370
528
402
528
434
528
466
528
498
528
530
528
562
528
594
528
626
528
658
528
690
528
722
528
754
528
786
528
818
528
-430
560
-398
560
-366
560
-334
560
-302
560
-270
560
-238
560
-206
560
-174
560
-142
560
-110
560
-78
560
-46
560
-14
560
18
560
50
560
274
560
306
560
338
560
370
560
402
560
434
560
466
560
498
560
530
560
562
560
594
560
626
560
658
560
690
560
722
560
754
560
786
560
818
560
-430
592
-398
592
-366
592
-334
592
-302
592
-270
592
-238
592
-206
592
-174
592
-142
592
-110
592
-78
592
-46
592
-14
592
18
592
50
592
274
592
306
592
338
592
370
592
402
592
434
592
466
592
498
592
530
592
562
592
594
592
626
592
658
592
690
592
722
592
754
592
786
592
818
592
-110
624
-78
624
-46
624
-14
624
18
624
50
624
274
624
306
624
338
624
370
624
402
624
434
624
-110
656
-78
656
-46
656
-14
656
18
656
50
656
274
656
306
656
338
656
370
656
402
656
434
656
-110
688
-78
688
-46
688
-14
688
18
688
50
688
274
688
306
688
338
688
370
688
402
688
434
688
-110
720
-78
720
-46
720
-14
720
18
720
50
720
274
720
306
720
338
720
370
720
402
720
434
720
-110
752
-78
752
-46
752
-14
752
18
752
50
752
274
752
306
752
338
752
370
752
402
752
434
752
-110
784
-78
784
-46
784
-14
784
18
784
50
784
82
784
114
784
146
784
178
784
210
784
242
784
274
784
306
784
338
784
370
784
402
784
434
784
-110
-112
274
-112
82
656
114
656
146
656
178
656
210
656
242
656
82
688
114
688
146
688
178
688
210
688
242
688
82
720
114
720
146
720
178
720
210
720
242
720
82
752
114
752
146
752
178
752
210
752
242
752
